0 146 145 181 77 147 76 100 195 151 49 84 64 114 29 108 135 32 64 88 18 153 145 39 188 37 219 44 24 57 144 38 74 57 58 126 144 189 69 140 144 151 44 84 85 40 149 127 138 40 19 220 71 106 72 160 42 101 116
146 0 35 40 80 40 148 51 67 30 109 99 112 33 165 65 52 154 92 74 161 20 50 113 43 139 86 120 139 88 71 108 78 95 102 57 46 47 87 27 47 47 108 71 61 111 37 42 33 116 134 91 95 43 130 14 129 106 45
145 35 0 69 69 5 129 45 100 66 100 79 97 52 158 43 19 160 104 60 162 20 15 119 66 147 115 110 132 89 36 110 71 104 113 28 81 74 99 10 12 12 114 61 67 116 4 18 7 123 137 122 81 41 111 35 119 81 29
181 40 69 0 120 73 189 91 31 33 149 140 152 67 203 105 88 185 122 115 195 49 84 146 13 169 46 160 177 125 105 143 118 127 131 96 49 7 117 63 81 78 140 111 97 144 69 81 70 148 168 52 135 83 170 34 169 147 86
77 80 69 120 0 71 70 29 141 96 31 27 32 57 89 31 58 97 57 11 94 81 68 60 123 88 164 41 63 30 68 47 6 53 64 49 98 127 56 66 67 74 57 9 33 57 73 51 63 65 73 167 16 37 52 91 50 45 40
147 40 5 73 71 0 128 48 104 71 102 79 97 57 160 43 17 163 107 61 164 24 10 122 69 151 119 111 134 92 31 113 73 108 117 27 86 77 103 15 8 7 118 63 71 119 4 20 11 126 140 126 82 44 111 39 120 80 31
76 148 129 189 70 128 0 98 212 167 50 50 38 128 61 86 112 109 109 74 92 146 121 95 190 110 234 43 53 83 109 81 74 101 110 101 169 195 111 130 122 128 96 79 102 93 132 112 125 99 89 238 54 106 18 158 38 51 104
100 51 45 91 29 48 98 0 114 69 59 50 61 32 116 26 40 115 61 24 117 53 49 74 94 103 135 70 90 44 57 65 27 60 70 35 74 98 58 39 47 53 70 20 25 71 49 28 38 78 92 139 44 8 80 62 78 62 17
195 67 100 31 141 104 212 114 0 45 168 164 174 85 219 132 118 193 132 138 206 79 114 157 41 176 25 179 194 141 135 157 138 138 140 124 51 31 126 93 111 109 151 133 114 155 99 109 99 157 179 26 157 105 194 64 188 173 112
151 30 66 33 96 71 167 69 45 0 123 120 129 39 174 90 82 152 90 94 163 50 81 114 44 136 69 133 149 96 101 113 93 95 99 86 18 41 84 57 78 78 108 88 69 112 68 70 63 115 136 71 112 61 149 38 142 131 71
49 109 100 149 31 102 50 59 168 123 0 35 18 83 58 60 88 76 59 40 68 112 98 48 152 71 191 11 32 32 95 33 31 51 60 78 121 156 60 97 97 104 48 39 54 45 104 82 94 53 51 194 22 66 36 122 20 52 71
84 99 79 140 27 79 50 50 164 120 35 0 21 82 87 36 63 111 82 25 102 96 73 80 140 105 185 40 64 53 64 65 33 77 87 52 124 146 82 80 73 80 78 33 61 77 83 62 75 85 86 190 16 58 32 108 45 19 54
64 112 97 152 32 97 38 61 174 129 18 21 0 90 65 54 82 93 75 38 82 111 92 66 155 89 196 19 43 47 85 51 36 68 78 72 130 159 76 96 92 99 66 41 64 64 100 79 91 71 69 200 17 69 20 123 24 36 69
114 33 52 67 57 57 128 32 85 39 83 82 90 0 136 57 59 120 59 56 128 48 64 80 73 106 108 94 110 57 79 76 53 62 68 59 42 74 53 42 61 64 75 49 30 78 56 45 46 83 102 111 73 25 110 48 103 95 40
29 165 158 203 89 160 61 116 219 174 58 87 65 136 0 117 146 58 91 98 35 170 156 67 208 66 243 48 26 78 151 62 88 83 86 136 169 210 95 155 155 162 71 97 105 67 162 140 152 69 48 245 78 123 64 178 41 99 129
108 65 43 105 31 43 86 26 132 90 60 36 54 57 117 0 28 128 82 19 126 60 38 90 105 118 151 69 92 59 37 77 35 80 90 18 98 111 80 44 38 45 86 26 49 87 47 26 39 95 104 157 38 31 68 73 76 41 19
135 52 19 88 58 17 112 40 118 82 88 63 82 59 146 28 0 154 102 47 153 39 10 114 85 142 134 97 120 83 20 103 61 101 111 10 94 93 98 25 10 16 110 51 66 111 21 14 19 118 130 141 67 40 95 54 105 63 23
32 154 160 185 97 163 109 115 193 152 76 111 93 120 58 128 154 0 62 109 23 165 163 41 193 16 218 74 56 71 166 51 93 58 53 146 141 192 67 154 162 168 46 103 94 43 164 144 153 38 24 217 96 119 104 168 74 129 132
64 92 104 122 57 107 109 61 132 90 59 82 75 59 91 82 102 62 0 67 73 105 110 25 131 47 157 66 69 29 118 30 51 8 9 96 80 130 5 96 108 113 20 58 36 24 108 89 96 25 47 157 67 63 95 107 73 101 79
88 74 60 115 11 61 74 24 138 94 40 25 38 56 98 19 47 109 67 0 106 73 58 71 117 99 160 50 73 41 57 58 16 63 74 38 98 121 65 58 57 63 68 9 38 68 64 41 54 76 84 164 21 32 55 85 58 39 31
18 161 162 195 94 164 92 117 206 163 68 102 82 128 35 126 153 23 73 106 0 169 163 49 202 35 231 63 41 73 162 52 91 67 66 144 154 202 79 157 162 168 54 101 99 50 166 144 155 48 26 231 90 122 89 175 60 119 133
153 20 20 49 81 24 146 53 79 50 112 96 111 48 170 60 39 165 105 73 169 0 34 124 46 151 95 123 143 96 55 117 81 107 115 47 66 54 100 16 32 29 119 72 71 121 19 34 21 127 144 102 95 47 128 15 131 100 42
145 50 15 84 68 10 121 49 114 81 98 73 92 64 156 38 10 163 110 58 163 34 0 123 79 151 129 108 131 92 21 112 71 110 119 20 95 88 106 24 3 7 119 61 73 120 15 20 18 127 140 136 77 47 105 50 115 72 31
39 113 119 146 60 122 95 74 157 114 48 80 66 80 67 90 114 41 25 71 49 124 123 0 153 28 181 52 48 31 127 15 55 18 18 106 105 153 30 113 121 127 5 64 53 3 123 103 112 5 22 182 64 78 83 128 56 99 92
188 43 66 13 123 69 190 94 41 44 152 140 155 73 208 105 85 193 131 117 202 46 79 153 0 178 50 163 182 131 100 150 121 135 140 93 61 10 125 62 77 73 148 114 103 151 64 80 68 156 175 58 138 86 172 32 172 146 86
37 139 147 169 88 151 110 103 176 136 71 105 89 106 66 118 142 16 47 99 35 151 151 28 178 0 201 71 58 59 156 41 83 43 37 135 125 177 52 140 150 156 32 92 80 31 151 131 140 24 21 201 89 106 102 154 73 123 120
219 86 115 46 164 119 234 135 25 69 191 185 196 108 243 151 134 218 157 160 231 95 129 181 50 201 0 202 218 165 150 181 161 163 165 142 76 41 151 110 127 123 176 155 138 180 114 127 116 182 204 10 179 127 215 80 211 193 132
44 120 110 160 41 111 43 70 179 133 11 40 19 94 48 69 97 74 66 50 63 123 108 52 163 71 202 0 24 41 103 38 42 58 67 87 132 167 68 108 107 114 53 50 65 50 114 92 104 56 51 205 30 77 31 132 9 56 81
24 139 132 177 63 134 53 90 194 149 32 64 43 110 26 92 120 56 69 73 41 143 131 48 182 58 218 24 0 53 127 39 62 61 66 111 144 184 73 129 130 137 51 71 80 47 136 114 126 51 37 220 53 97 48 152 19 79 103
57 88 89 125 30 92 83 44 141 96 32 53 47 57 78 59 83 71 29 41 73 96 92 31 131 59 165 41 53 0 96 20 24 23 34 75 92 132 29 84 91 97 27 33 27 28 94 73 82 35 48 167 37 49 67 102 49 72 61
144 71 36 105 68 31 109 57 135 101 95 64 85 79 151 37 20 166 118 57 162 55 21 127 100 156 150 103 127 96 0 115 72 116 127 22 114 109 115 44 24 26 124 63 83 124 36 33 38 132 142 158 73 59 94 71 110 58 41
38 108 110 143 47 113 81 65 157 113 33 65 51 76 62 77 103 51 30 58 52 117 112 15 150 41 181 38 39 20 115 0 42 22 29 95 107 151 34 104 111 117 14 52 47 12 114 93 103 20 27 183 49 70 68 122 43 84 82
74 78 71 118 6 73 74 27 138 93 31 33 36 53 88 35 61 93 51 16 91 81 71 55 121 83 161 42 62 24 72 42 0 47 58 52 94 125 50 67 70 76 51 9 28 52 75 53 64 60 69 164 20 35 56 90 51 51 41
57 95 104 127 53 108 101 60 138 95 51 77 68 62 83 80 101 58 8 63 67 107 110 18 135 43 163 58 61 23 116 22 47 0 11 94 87 135 12 97 107 113 13 54 37 17 108 89 97 20 41 163 61 63 87 110 65 96 78
58 102 113 131 64 117 110 70 140 99 60 87 78 68 86 90 111 53 9 74 66 115 119 18 140 37 165 67 66 34 127 29 58 11 0 105 89 139 15 106 117 123 15 65 46 19 117 99 106 18 40 165 71 72 96 117 72 106 88
126 57 28 96 49 27 101 35 124 86 78 52 72 59 136 18 10 146 96 38 144 47 20 106 93 135 142 87 111 75 22 95 52 94 105 0 97 101 93 32 20 27 102 43 60 103 31 15 26 111 122 148 57 37 84 62 95 53 19
144 46 81 49 98 86 169 74 51 18 121 124 130 42 169 98 94 141 80 98 154 66 95 105 61 125 76 132 144 92 114 107 94 87 89 97 0 56 75 71 92 93 100 91 67 104 83 82 77 106 128 76 114 67 151 56 141 137 80
189 47 74 7 127 77 195 98 31 41 156 146 159 74 210 111 93 192 130 121 202 54 88 153 10 177 41 167 184 132 109 151 125 135 139 101 56 0 124 69 85 82 148 118 104 151 73 86 75 155 175 48 142 90 177 39 176 152 92
69 87 99 117 56 103 111 58 126 84 60 82 76 53 95 80 98 67 5 65 79 100 106 30 125 52 151 68 73 29 115 34 50 12 15 93 75 124 0 91 104 109 25 56 32 29 103 86 92 31 52 152 67 59 96 102 76 101 75
140 27 10 63 66 15 130 39 93 57 97 80 96 42 155 44 25 154 96 58 157 16 24 113 62 140 110 108 129 84 44 104 67 97 106 32 71 69 91 0 21 22 108 57 60 110 13 18 6 116 132 116 79 34 112 30 116 84 26
144 47 12 81 67 8 122 47 111 78 97 73 92 61 155 38 10 162 108 57 162 32 3 121 77 150 127 107 130 91 24 111 70 107 117 20 92 85 104 21 0 6 117 60 71 118 12 18 15 125 138 134 77 45 105 47 115 73 29
151 47 12 78 74 7 128 53 109 78 104 80 99 64 162 45 16 168 113 63 168 29 7 127 73 156 123 114 137 97 26 117 76 113 123 27 93 82 109 22 6 0 123 66 76 124 10 24 18 131 145 131 84 50 111 45 122 79 35
44 108 114 140 57 118 96 70 151 108 48 78 66 75 71 86 110 46 20 68 54 119 119 5 148 32 176 53 51 27 124 14 51 13 15 102 100 148 25 108 117 123 0 60 48 4 119 99 107 8 27 177 62 73 83 122 58 97 87
84 71 61 111 9 63 79 20 133 88 39 33 41 49 97 26 51 103 58 9 101 72 61 64 114 92 155 50 71 33 63 52 9 54 65 43 91 118 56 57 60 66 60 0 29 61 65 43 55 69 79 159 24 28 60 82 59 48 32
85 61 67 97 33 71 102 25 114 69 54 61 64 30 105 49 66 94 36 38 99 71 73 53 103 80 138 65 80 27 83 47 28 37 46 60 67 104 32 60 71 76 48 29 0 50 71 53 60 56 73 140 49 26 84 75 74 77 43
40 111 116 144 57 119 93 71 155 112 45 77 64 78 67 87 111 43 24 68 50 121 120 3 151 31 180 50 47 28 124 12 52 17 19 103 104 151 29 110 118 124 4 61 50 0 121 100 109 8 24 181 61 75 81 125 55 96 89
149 37 4 69 73 4 132 49 99 68 104 83 100 56 162 47 21 164 108 64 166 19 15 123 64 151 114 114 136 94 36 114 75 108 117 31 83 73 103 13 12 10 119 65 71 121 0 22 11 127 142 121 85 45 115 35 122 84 33
127 42 18 81 51 20 112 28 109 70 82 62 79 45 140 26 14 144 89 41 144 34 20 103 80 131 127 92 114 73 33 93 53 89 99 15 82 86 86 18 18 24 99 43 53 100 22 0 13 107 120 133 62 27 94 48 100 65 11
138 33 7 70 63 11 125 38 99 63 94 75 91 46 152 39 19 153 96 54 155 21 18 112 68 140 116 104 126 82 38 103 64 97 106 26 77 75 92 6 15 18 107 55 60 109 11 13 0 116 130 122 75 34 107 36 113 78 22
40 116 123 148 65 126 99 78 157 115 53 85 71 83 69 95 118 38 25 76 48 127 127 5 156 24 182 56 51 35 132 20 60 20 18 111 106 155 31 116 125 131 8 69 56 8 127 107 116 0 22 183 69 82 88 130 61 104 96
19 134 137 168 73 140 89 92 179 136 51 86 69 102 48 104 130 24 47 84 26 144 140 22 175 21 204 51 37 48 142 27 69 41 40 122 128 175 52 132 138 145 27 79 73 24 142 120 130 22 0 204 72 97 81 149 51 104 109
220 91 122 52 167 126 238 139 26 71 194 190 200 111 245 157 141 217 157 164 231 102 136 182 58 201 10 205 220 167 158 183 164 163 165 148 76 48 152 116 134 131 177 159 140 181 121 133 122 183 204 0 183 131 219 86 214 198 137
71 95 81 135 16 82 54 44 157 112 22 16 17 73 78 38 67 96 67 21 90 95 77 64 138 89 179 30 53 37 73 49 20 61 71 57 114 142 67 79 77 84 62 24 49 61 85 62 75 69 72 183 0 52 36 106 38 35 53
106 43 41 83 37 44 106 8 105 61 66 58 69 25 123 31 40 119 63 32 122 47 47 78 86 106 127 77 97 49 59 70 35 63 72 37 67 90 59 34 45 50 73 28 26 75 45 27 34 82 97 131 52 0 88 55 86 70 18
72 130 111 170 52 111 18 80 194 149 36 32 20 110 64 68 95 104 95 55 89 128 105 83 172 102 215 31 48 67 94 68 56 87 96 84 151 177 96 112 105 111 83 60 84 81 115 94 107 88 81 219 36 88 0 140 30 37 86
160 14 35 34 91 39 158 62 64 38 122 108 123 48 178 73 54 168 107 85 175 15 50 128 32 154 80 132 152 102 71 122 90 110 117 62 56 39 102 30 47 45 122 82 75 125 35 48 36 130 149 86 106 55 140 0 141 114 54
42 129 119 169 50 120 38 78 188 142 20 45 24 103 41 76 105 74 73 58 60 131 115 56 172 73 211 9 19 49 110 43 51 65 72 95 141 176 76 116 115 122 58 59 74 55 122 100 113 61 51 214 38 86 30 141 0 60 90
101 106 81 147 45 80 51 62 173 131 52 19 36 95 99 41 63 129 101 39 119 100 72 99 146 123 193 56 79 72 58 84 51 96 106 53 137 152 101 84 73 79 97 48 77 96 84 65 78 104 104 198 35 70 37 114 60 0 60
116 45 29 86 40 31 104 17 112 71 71 54 69 40 129 19 23 132 79 31 133 42 31 92 86 120 132 81 103 61 41 82 41 78 88 19 80 92 75 26 29 35 87 32 43 89 33 11 22 96 109 137 53 18 86 54 90 60 0
